1279671542|||1|1|JumpCube
1313188644|||1|1|SpaceMoto
1303462105|||1|1|ZombieKill
1310319531|||1|1|Hex
1282966344|||1|1|GirlCicle
1318642863|||1|1|ShootPuzzle
1306606442|||1|1|Rider2
1317696170|||1|1|NinjaJump
1328206399|||1|1|Shooter
1313189626|||1|1|Tank2
1332965249|||1|1|Rocket3
1313188350|||1|1|CityMoto
1316379396|||1|1|TruckZombie
1316379373|||1|1|PixelCar
1300031388|||1|1|2DCarLevel2
1317657928|||1|1|CarLevel
1301962690|||1|1|Tank
1287431255|||1|1|Fish
1313188979|||1|1|AirCar
1304197766|||1|1|ZombieShooter
1325409742|||1|1|CarStop
1327736753|||1|1|CityCar
1324921626|||1|1|MotoLevel
1313188866|||1|1|Bullet

1294950950|||1|1|Rocket
1327706231|||1|1|line
1326130116|||1|1|GirlRun

1305645360|||0|1|Basketball
1327207165|||0|1|BuildTower
1313188971|||0|1|CarRun
1307398617|||0|1|CarSim
1302702254|||0|1|CatRun
1328793665|||0|1|FlySim
1296715963|||0|1|FastCar
1297163722|||0|1|Heilx
1298370936|||0|1|TruckSim
1296773227|||0|1|DraftCar
1298534334|||0|1|CrashCar
1318642296|||0|1|MusicRun
1295083912|||0|1|DriveCar
1278837285|||0|1|2DCarLevel
1289520509|||0|1|MotoGame
1284439826|||0|1|SuperCar
1317696175|||0|1|NinjaRun
1326130960|||0|1|BoyRun
1294950945|||0|1|Cave
1288441031|||0|1|Endless

1335911878|||1|1|SoccerSim
1332961045|||1|1|MagicStone
1335088532|||1|1|AutoCar
1330927118|||1|1|AutoDrive
1336379018|||1|1|BulletShooter
1335910340|||1|1|SpaceFly

1331349081|||0|1|DriveSim
1331857979|||0|1|Rocket2
1330589122|||0|1|TruckStop
1333912355|||0|1|bicLevel


