10000|||0|1
1294950950|||0|2|Rocket
1278837285|||1|2|Bike
1306606442|||1|2|Rider2
1300031388|||1|2|Bike2
1287431255|||1|1|Fish
1303462105|||1|1|ZombieKiller
1313188971|||1|3|TapDrift
1313188350|||1|1|CityMoto
1304197766|||1|1|ZombieShoot
1313188866|||0|1|bullet
1305645360|||1|1|Basketball
1297163722|||1|1|Heilx
1313188644|||1|1|MotoRun
1302702254|||1|1|CatRun
1317657928|||1|1|CarLevel
1298370936|||1|1|Truck
1307398617|||1|1|ToyCar
1289520509|||1|1|MotoGame
1295083912|||1|1|CarGame
1301962690|||1|1|Tank
1298534334|||0|1|CrashCar
1296773227|||0|1|DraftCar
1316379396|||1|1|ZombieCar
1318642863|||1|1|ShootGame
1316379373|||1|1|PixelCar
1317696170|||1|1|NinjaJump
1317696175|||1|1|NinjaFight
1313188979|||1|1|XRacer
1318642296|||1|1|RocketDance
1313189626|||1|1|Tank2
1324921626|||1|2|BikeLevel
1325409742|||1|1|CarParking
1327207165|||1|1|Build
1326130116|||1|1|CityRun
1328206399|||1|1|Shooter
1326130960|||1|1|BoyRun
1327706231|||1|2|line
1327736753|||1|1|pixelmoto
1322371468|||1|1|MatchRing
1317504352|||1|2|HighWayCar
1328793665|||1|2|sea
10001|||0|2